0.999999
0.999899
0.999799
0.999699
0.999599
0.999499
0.999399
0.999301
0.999201
0.999101
0.999001
0.998901
0.998803
0.998703
0.998603
0.998503
0.998403
0.998305
0.998205
0.998105
0.998005
0.997907
0.997807
0.997707
0.997607
0.997509
0.997409
0.997311
0.997211
0.997113
0.997015
0.996915
0.996815
0.996717
0.996617
0.996521
0.996421
0.996321
0.996225
0.996125
0.996025
0.995925
0.995825
0.995725
0.995625
0.995527
0.995429
0.995329
0.995231
0.995133
0.995033
0.994935
0.994835
0.994735
0.994637
0.994537
0.994437
0.994339
0.994241
0.994141
0.994043
0.993943
0.993845
0.993745
0.993645
0.993549
0.993451
0.993351
0.993253
0.993153
0.993053
0.992953
0.992855
0.992755
0.992657
0.992559
0.992461
0.992361
0.992265
0.992165
0.992065
0.991965
0.991865
0.991767
0.991667
0.991571
0.991473
0.991373
0.991273
0.991175
0.991075
0.990979
0.990879
0.990779
0.990679
0.990579
0.990481
0.990385
0.990285
0.990187
0.990089
0.989991
0.989893
0.989797
0.989703
0.989607
0.989509
0.989409
0.989311
0.989213
0.989119
0.989025
0.988927
0.988829
0.988731
0.988631
0.988535
0.988441
0.988341
0.988241
0.988143
0.988043
0.987945
0.987847
0.987751
0.987653
0.987555
0.987457
0.987365
0.987269
0.987171
0.987071
0.986973
0.986873
0.986779
0.986689
0.986591
0.986495
0.986399
0.986305
0.986211
0.986113
0.986021
0.985925
0.985825
0.985727
0.985633
0.985533
0.985435
0.985343
0.985243
0.985147
0.985047
0.984953
0.984859
0.984761
0.984663
0.984565
0.984469
0.984373
0.984275
0.984177
0.984083
0.983987
0.983893
0.983795
0.983699
0.983599
0.983503
0.983411
0.983313
0.983219
0.983125
0.983031
0.982935
0.982839
0.982743
0.982645
0.982551
0.982455
0.982357
0.982265
0.982165
0.982071
0.981977
0.981883
0.981785
0.981689
0.981593
0.981495
0.981397
0.981303
0.981205
0.981109
0.981015
0.980915
0.980817
0.980721
0.980623
0.980533
0.980435
0.980339
0.980245
0.980151
0.980051
0.979955
0.979855
0.979755
0.979665
0.979567
0.979469
0.979375
0.979279
0.979181
0.979085
0.978985
0.978885
0.978791
0.978695
0.978599
0.978501
0.978405
0.978307
0.978211
0.978113
0.978019
0.977923
0.977827
0.977735
0.977635
0.977541
0.977443
0.977349
0.977253
0.977155
0.977059
0.976967
0.976871
0.976777
0.976677
0.976581
0.976487
0.976389
0.976291
0.976199
0.976105
0.976007
0.975911
0.975819
0.975725
0.975629
0.975529
0.975433
0.975335
0.975243
0.975149
0.975049
0.974951
0.974857
0.974759
0.974665
0.974567
0.974467
0.974369
0.974277
0.974185
0.974091
0.973993
0.973897
0.973807
0.973709
0.973613
0.973517
0.973425
0.973325
0.973229
0.973139
0.973051
0.972955
0.972863
0.972771
0.972673
0.972575
0.972477
0.972379
0.972297
0.972209
0.972113
0.972015
0.971917
0.971819
0.971725
0.971629
0.971537
0.971439
0.971341
0.971243
0.971147
0.971049
0.970953
0.970855
0.970763
0.970665
0.970569
0.970477
0.970387
0.970293
0.970197
0.970099
0.970007
0.969909
0.969821
0.969727
0.969633
0.969535
0.969439
0.969345
0.969255
0.969159
0.969061
0.968965
0.968875
0.968779
0.968687
0.968593
0.968499
0.968403
0.968309
0.968217
0.968129
0.968035
0.967941
0.967843
0.967747
0.967649
0.967549
0.967453
0.967361
0.967265
0.967169
0.967073
0.966983
0.966891
0.966797
0.966701
0.966607
0.966521
0.966433
0.966339
0.966251
0.966159
0.966067
0.965973
0.965877
0.965785
0.965689
0.965597
0.965505
0.965405
0.965311
0.965219
0.965133
0.965037
0.964943
0.964847
0.964761
0.964667
0.964571
0.964477
0.964381
0.964283
0.964193
0.964101
0.964009
0.963921
0.963829
0.963731
0.963635
0.963545
0.963449
0.963357
0.963267
0.963171
0.963081
0.962987
0.962897
0.962809
0.962717
0.962623
0.962535
0.962437
0.962349
0.962253
0.962155
0.962067
0.961971
0.961881
0.961795
0.961703
0.961609
0.961513
0.961421
0.961327
0.961233
0.961147
0.961059
0.960965
0.960879
0.960781
0.960687
0.960593
0.960503
0.960409
0.960321
0.960225
0.960127
0.960037
0.959941
0.959855
0.959755
0.959665
0.959567
0.959473
0.959381
0.959293
0.959203
0.959107
0.959013
0.958919
0.958827
0.958745
0.958657
0.958561
0.958475
0.958381
0.958301
0.958211
0.958119
0.958023
0.957929
0.957843
0.957751
0.957657
0.957561
0.957463
0.957371
0.957279
0.957197
0.957101
0.957011
0.956923
0.956837
0.956745
0.956651
0.956565
0.956479
0.956381
0.956297
0.956211
0.956125
0.956027
0.955933
0.955841
0.955745
0.955649
0.955563
0.955463
0.955373
0.955285
0.955191
0.955097
0.955005
0.954911
0.954819
0.954727
0.954635
0.954547
0.954463
0.954375
0.954279
0.954183
0.954091
0.954005
0.953913
0.953827
0.953741
0.953641
0.953547
0.953463
0.953375
0.953281
0.953191
0.953099
0.953009
0.952913
0.952823
0.952733
0.952645
0.952553
0.952459
0.952365
0.952271
0.952185
0.952093
0.952003
0.951919
0.951833
0.951737
0.951647
0.951561
0.951473
0.951385
0.951287
0.951193
0.951099
0.951013
0.950923
0.950831
0.950741
0.950653
0.950557
0.950471
0.950381
0.950293
0.950201
0.950109
0.950021
0.949929
0.949837
0.949743
0.949645
0.949551
0.949469
0.949391
0.949297
0.949209
0.949113
0.949023
0.948937
0.948843
0.948747
0.948655
0.948567
0.948469
0.948379
0.948283
0.948195
0.948109
0.948019
0.947925
0.947839
0.947741
0.947659
0.947569
0.947481
0.947397
0.947311
0.947219
0.947133
0.947043
0.946951
0.946867
0.946777
0.946689
0.946605
0.946519
0.946431
0.946341
0.946257
0.946161
0.946069
0.945977
0.945887
0.945793
0.945699
0.945609
0.945517
0.945427
0.945343
0.945249
0.945165
0.945069
0.944977
0.944887
0.944795
0.944711
0.944623
0.944533
0.944443
0.944353
0.944261
0.944175
0.944085
0.943999
0.943907
0.943813
0.943723
0.943635
0.943545
0.943461
0.943379
0.943289
0.943209
0.943117
0.943023
0.942939
0.942849
0.942761
0.942667
0.942585
0.942501
0.942407
0.942321
0.942231
0.942143
0.942061
0.941975
0.941887
0.941801
0.941719
0.941627
0.941539
0.941451
0.941361
0.941269
0.941175
0.941095
0.941005
0.940915
0.940827
0.940735
0.940641
0.940555
0.940473
0.940387
0.940303
0.940211
0.940121
0.940043
0.939953
0.939865
0.939775
0.939689
0.939601
0.939515
0.939423
0.939333
0.939247
0.939165
0.939077
0.938981
0.938897
0.938805
0.938715
0.938633
0.938539
0.938445
0.938353
0.938259
0.938167
0.938075
0.937989
0.937899
0.937809
0.937721
0.937627
0.937543
0.937459
0.937377
0.937293
0.937205
0.937127
0.937039
0.936961
0.936869
0.936781
0.936697
0.936605
0.936513
0.936421
0.936339
0.936255
0.936167
0.936077
0.935993
0.935907
0.935821
0.935727
0.935637
0.935553
0.935463
0.935371
0.935277
0.935189
0.935101
0.935017
0.934937
0.934857
0.934767
0.934675
0.934581
0.934501
0.934415
0.934325
0.934253
0.934159
0.934073
0.933991
0.933899
0.933809
0.933727
0.933645
0.933553
0.933469
0.933387
0.933305
0.933215
0.933121
0.933043
0.932955
0.932873
0.932779
0.932695
0.932609
0.932521
0.932431
0.932341
0.932261
0.932171
0.932083
0.931995
0.931919
0.931833
0.931755
0.931671
0.931583
0.931503
0.931423
0.931331
0.931241
0.931149
0.931063
0.930981
0.930899
0.930823
0.930743
0.930657
0.930567
0.930477
0.930385
0.930295
0.930211
0.930119
0.930033
0.929945
0.929849
0.929753
0.929671
0.929587
0.929489
0.929397
0.929311
0.929221
0.929139
0.929045
0.928965
0.928879
0.928793
0.928707
0.928619
0.928535
0.928441
0.928353
0.928271
0.928173
0.928093
0.928019
0.927941
0.927855
0.927769
0.927677
0.927587
0.927497
0.927421
0.927331
0.927245
0.927159
0.927065
0.926989
0.926913
0.926829
0.926743
0.926655
0.926569
0.926479
0.926389
0.926299
0.926207
0.926121
0.926037
0.925965
0.925897
0.925815
0.925733
0.925651
0.925565
0.925479
0.925397
0.925303
0.925215
0.925143
0.925065
0.924981
0.924895
0.924813
0.924731
0.924641
0.924551
0.924465
0.924381
0.924303
0.924227
0.924137
0.924051
0.923963
0.923873
0.923795
0.923707
0.923619
0.923529
0.923439
0.923355
0.923269
0.923177
0.923093
0.923005
0.922921
0.922833
0.922741
0.922651
0.922557
0.922471
0.922391
0.922309
0.922225
0.922135
0.922045
0.921957
0.921885
0.921801
0.921715
0.921633
0.921543
0.921461
0.921385
0.921311
0.921231
0.921151
0.921073
0.920985
0.920901
0.920813
0.920727
0.920637
0.920551
0.920463
0.920373
0.920285
0.920199
0.920111
0.920027
0.919943
0.919859
0.919775
0.919695
0.919609
0.919517
0.919439
0.919349
0.919263
0.919189
0.919101
0.919011
0.918929
0.918841
0.918749
0.918665
0.918581
0.918487
0.918405
0.918329
0.918249
0.918159
0.918071
0.917979
0.917897
0.917805
0.917717
0.917629
0.917553
0.917469
0.917389
0.917307
0.917227
0.917143
0.917055
0.916967
0.916881
0.916805
0.916717
0.916627
0.916541
0.916455
0.916367
0.916287
0.916201
0.916115
0.916031
0.915951
0.915863
0.915775
0.915693
0.915609
0.915517
0.915443
0.915355
0.915271
0.915191
0.915109
0.915035
0.914957
0.914863
0.914787
0.914707
0.914615
0.914525
0.914449
0.914367
0.914293
0.914207
0.914125
0.914041
0.913953
0.913873
0.913787
0.913703
0.913613
0.913531
0.913449
0.913363
0.913273
0.913189
0.913107
0.913033
0.912945
0.912865
0.912777
0.912695
0.912613
0.912523
0.912445
0.912357
0.912275
0.912193
0.912107
0.912023
0.911949
0.911865
0.911781
0.911699
0.911619
0.911527
0.911445
0.911363
0.911269
0.911173
0.911091
0.911005
0.910921
0.910835
0.910757
0.910681
0.910605
0.910521
0.910437
0.910347
0.910271
0.910183
0.910105
0.910017
0.909937
0.909851
0.909765
0.909691
0.909619
0.909545
0.909467
0.909391
0.909301
0.909223
